-7.144853788894735658e+01 -4.392018954436832701e+01 -2.845242410782608289e+01 -2.195408759275200339e+01 -2.026136622875429794e+01 -2.100463372331460477e+01 -2.153376517536032253e+01 -2.236629976397392383e+01 -2.439555170108031135e+01 -2.717138123681962014e+01 -2.870341395132136952e+01 -3.035449210958649502e+01 -3.439512468173852255e+01 -4.221263598128397376e+01 -5.606944676012138018e+01 -7.410031925558966748e+01
4.096845770006874332e+00 6.103153209052594175e-01 -1.135110664086556032e+00 -2.086482746576479919e+00 -3.591269353059844072e+00 -4.901016901675844473e+00 -5.142369992293671643e+00 -4.709857887902346718e+00 -3.211157628131991792e+00 -1.121533310156414442e+00 -5.514190311009303791e-01 -6.143545893586285223e-01 5.544570429742139428e-01 4.402982774799399479e+00 1.074759429057612081e+01 1.309044214954725227e+01
-3.087909311640833820e+00 -6.962877176253869038e+00 -7.502388966018903815e+00 -7.545412031171942147e+00 -7.205739261891441316e+00 -6.804163888616344025e+00 -7.035569676753770985e+00 -7.529954541383405697e+00 -7.915044206520523318e+00 -8.211723260162303362e+00 -8.138987317246648701e+00 -7.987671687435627277e+00 -7.199473385126940350e+00 -5.380931495627234717e+00 -2.932190870649816539e+00 1.537838730516372099e+00
-1.880801071488091836e+00 -5.702087631601317597e+00 -6.220288974202674126e+00 -6.283373766491867407e+00 -6.381713618745495253e+00 -6.065728955293415936e+00 -5.604910762792533419e+00 -5.245015562383734675e+00 -5.229314204808462208e+00 -5.176415639688373815e+00 -5.042919218011130411e+00 -5.057704391887626549e+00 -4.858323481690941748e+00 -4.381225934793368637e+00 -3.196652983367750167e+00 -7.145712063871665354e-01
6.473065328413210029e-01 1.224950206671701070e+00 1.490675001239422093e-01 -2.433918066840169425e-01 -3.373529733505611361e-01 -1.235845677074342008e-01 2.806370414260138668e-01 6.266423983475434278e-01 5.119154037213271558e-01 1.887725018731003512e-01 2.813010261409830126e-01 4.708668930378515638e-01 1.021849450439685558e+00 1.794123650694593231e+00 1.275393529350373534e+00 -7.602815607485695626e-01
1.228041573412875564e+00 8.905253984626344543e-01 -9.021735282585605087e-02 -3.334831683339671837e-01 -4.940158560496467066e-01 -5.122594988270711136e-01 -4.291776648068102995e-01 -2.900216798910384419e-01 -2.582384888792171318e-01 -9.816517875010861982e-02 1.513056468180978831e-02 1.033422773173347797e-01 5.065702914461525097e-01 7.704018948608537531e-01 5.086365604976870181e-01 -2.866255543394318761e-01
2.784086259592921664e-04 -2.125600001728399135e+00 -2.433532072174887428e+00 -2.207942021310486780e+00 -1.966499849641818454e+00 -1.899542055434891630e+00 -1.918226442052809899e+00 -1.860149870638386105e+00 -1.851667146798459562e+00 -1.984866832123170388e+00 -1.929269801922718353e+00 -1.890012238262068767e+00 -1.857714988731216099e+00 -2.189871892982075963e+00 -2.954842141449711246e+00 -3.217660916846953878e+00
-2.999013970227175641e-01 -1.632339774722271653e+00 -1.896585197622029595e+00 -2.056632061469534367e+00 -2.351692705534969008e+00 -2.610798215526300758e+00 -2.831188262200212691e+00 -2.724988662556169672e+00 -2.447834946921425114e+00 -2.100425915006108646e+00 -1.838877960358931807e+00 -1.687468086559992031e+00 -1.629456597124965933e+00 -1.720710893549060483e+00 -1.672776363179303560e+00 -2.596877768816402643e+00
-1.515223320055944622e+00 -2.488182833053326881e+00 -2.646234033007017761e+00 -2.417431053207097058e+00 -2.092820997431358521e+00 -2.029574205679104626e+00 -2.097682655110633121e+00 -2.092909574107816972e+00 -2.312564379144999016e+00 -2.606803821770670382e+00 -2.865622419796027387e+00 -2.952472667469484779e+00 -2.941343402313340682e+00 -3.209180490625910487e+00 -3.225298078391161560e+00 -2.370339975302840241e+00
-1.576125305426630874e+00 -4.747428642001995769e+00 -5.002307457574059590e+00 -5.180734808581879847e+00 -5.454508051737036567e+00 -5.431392211514172175e+00 -5.200961842945091007e+00 -5.249473583353953643e+00 -5.589204992188071763e+00 -5.789753750364646123e+00 -5.854068166177560428e+00 -5.938384911167322144e+00 -6.018709971650578083e+00 -6.068872583424528955e+00 -5.418405238871654817e+00 -3.266226301133465793e+00
5.773650650148991481e-01 8.542409474997649799e-01 6.995643974720038294e-01 8.102953148481351064e-01 9.273726154137817979e-01 1.139435773522441853e+00 1.439194148491718117e+00 1.610886215862882942e+00 1.336060800859980358e+00 1.210048029673760350e+00 1.377577906570197186e+00 1.269035009618156407e+00 1.080045128808895694e+00 9.317762590851832449e-01 6.272963565267180019e-01 -2.164886068372250671e-01
1.541702055027991958e-01 2.245546520046605085e-02 -2.468160880610223429e-01 -1.375849487985494890e-01 7.483806702649226095e-03 1.534436790886954394e-01 2.315032452193205303e-02 -1.448988389502137153e-01 -6.486577934333410678e-01 -9.654055179795330011e-01 -8.729025640191898638e-01 -8.755535117870145712e-01 -7.844787879356172056e-01 -3.056368349993161537e-01 4.088362500018654644e-01 1.073803267515691884e+00
-5.163176279048659056e-01 -1.253651692421841934e+00 -1.506517718549602813e+00 -1.306620354617685997e+00 -8.969402328321940399e-01 -5.166710467157804576e-01 -4.898253890903254693e-01 -4.495008289562513193e-01 -9.167498038216884693e-01 -1.300448901175280447e+00 -1.233639426183453125e+00 -1.116645499987226842e+00 -7.221078713661149839e-01 -6.467194446325402746e-02 2.686491265946931439e-01 -2.061386527750376230e-01
-1.191341419995414430e+00 -1.530821459976194232e+00 -1.923380631861863588e+00 -2.070261782517686111e+00 -2.112379330404388078e+00 -1.948345818480890168e+00 -1.633247195731323265e+00 -1.319257956414256805e+00 -1.397272575188216237e+00 -1.632482156574754928e+00 -1.826345397124332637e+00 -1.806607565445870422e+00 -1.557124616664577355e+00 -1.184387997252967395e+00 -4.791952567296570709e-01 3.135007440723915351e-01
-7.838341602232367089e-01 -4.051408986966531511e-01 -8.791857913584177897e-01 -1.125899448042788187e+00 -1.420394623281048263e+00 -1.601243599455245858e+00 -1.537092371688308479e+00 -1.476526371940961369e+00 -1.415537316377915911e+00 -1.217284040778767285e+00 -1.151058731796646306e+00 -1.190779994277651799e+00 -1.018350743851018425e+00 -6.929767162462598939e-01 -7.497625824238116632e-01 -1.020244697643359899e+00
-2.343049608833168151e-01 8.044447260872526761e-02 -2.899332860464341466e-01 -2.981836482667435950e-01 -3.367723704624709935e-01 -5.274069109182186743e-01 -6.833548252435341919e-01 -7.144242564809553109e-01 -5.763542061222459711e-01 -5.540015743300271689e-01 -6.289773559763487398e-01 -5.916252247050750590e-01 -4.465913605894498151e-01 -2.644007088036930408e-01 -2.597142685825330477e-01 2.153599779487977983e-01
